5 13 14 14 0 2.868131868131868 147 0
2 12 13 10 0 2.86046511627907 109 0
3 8 22 19 0 2.8590604026845634 129 0
4 4 28 24 0 2.8636363636363638 52 0
4 13 26 22 0 2.9217391304347826 90 0
0 1 6 5 0 2.7735849056603774 86 0
0 1 6 5 0 2.7613636363636362 76 0
1 4 4 1 0 2.7735849056603774 43 0
0 2 0 0 0 1.3333333333333333 8 0
0 0 0 0 0 1.8461538461538463 12 0
1 1 2 1 0 1.5 5 0
1 0 0 0 0 1.8461538461538463 11 0
0 0 0 0 0 2.6666666666666665 8 0
0 0 0 0 0 2.6470588235294117 15 0
0 0 1 1 0 2.7857142857142856 12 0
0 3 1 1 0 2.6470588235294117 12 0
1 0 0 0 0 2.7 6 0
0 0 0 0 0 2.3793103448275863 24 0
0 0 1 1 0 2.52 21 0
6 72 79 63 0 2.6131221719457014 382 0
0 0 0 0 0 2.625 3 0
6 228 78 74 0 2.145348837209302 163 0
3 4 8 6 0 2.7892976588628766 256 0
0 1 6 5 0 2.71875 53 0
2 0 6 6 0 2.7971014492753623 170 0
14 47 38 32 0 2.9642248722316866 531 0
2 3 14 14 0 2.4705882352941178 82 0
0 0 1 1 0 2.5714285714285716 23 0
0 0 1 0 0 1.8805970149253732 64 0
3 85 111 89 0 2.596412556053812 197 0
3 85 111 89 0 2.6027397260273974 193 0
0 0 2 2 0 2.8125 20 0
6 25 70 60 0 2.958100558659218 592 0
0 0 1 1 0 2.833333333333333 41 0
1 1 2 2 0 2.9 128 0
8 136 93 81 0 2.791970802919708 246 1
0 22 15 15 0 0 0 0
1 24 33 17 0 0 0 0
0 37 29 26 0 0 0 0
