1 34 26 24 0 2.4782608695652173 43 0
21 146 112 89 0 2.778688524590164 204 0
7 112 167 146 0 2.970731707317073 356 0
5 7 22 11 0 1.8214285714285716 25 0
0 11 20 19 0 2.5384615384615383 35 0
98 542 468 283 0 1.6466165413533835 252 0
20 99 57 45 0 2.863013698630137 190 0
16 128 61 53 0 2.6390977443609023 104 0
38 140 127 114 0 1.40625 26 0
67 582 567 369 0 1.7164685908319184 545 0
0 2 0 0 0 2.7857142857142856 59 0
1 0 0 0 0 2.797752808988764 76 0
0 1 6 6 0 2.8222222222222224 110 0
4 1 13 12 0 2.906832298136646 139 0
1 0 0 0 0 2.7906976744186047 72 0
1 5 15 10 0 0 0 0
6 48 28 25 0 2.5555555555555554 74 0
1 5 4 4 0 2.7857142857142856 22 0
2 71 17 15 0 1.4482758620689653 55 0
26 94 46 36 0 2.561797752808989 76 0
2 13 53 41 0 2.5542857142857143 612 0
1 3 9 9 0 2.7714285714285714 87 0
1 65 112 95 0 1.8245614035087718 142 0
0 0 53 50 0 2.8636363636363638 107 0
9 17 41 29 0 2.7848101265822782 415 0
