2 10 25 22 0 2.969924812030075 315 0
0 0 1 1 0 2.5135135135135136 33 0
5 15 64 60 0 2.7835671342685373 884 0
0 8 4 4 0 2.586206896551724 21 0
1 9 9 8 0 2.5625 85 0
0 9 13 12 0 2.8032786885245904 52 0
0 7 10 9 0 2.723076923076923 57 0
5 78 12 10 0 2.5121951219512195 108 0
0 0 1 1 0 2.7721518987341773 64 0
1 2 4 2 0 2.7735849056603774 133 0
0 0 4 2 0 2.9605263157894735 54 0
1 1 5 4 0 2.8032786885245904 49 0
7 9 39 22 0 2.781021897810219 583 0
1 2 12 12 0 2.7857142857142856 139 0
1 0 5 5 0 2.788235294117647 69 0
2 0 2 2 0 2.809090909090909 89 0
3 0 3 3 0 2.8058823529411763 294 0
1 0 1 1 0 2.8026315789473686 60 0
0 1 5 5 0 2.7761194029850746 54 0
0 5 1 0 0 2.7750000000000004 98 0
0 0 2 2 0 2.810126582278481 58 0
0 0 3 2 0 2.788235294117647 71 0
